(42.653238, -73.773969)
(42.673537, -73.75017)
(42.65651, -73.804706)
(42.122796, -77.94977)
(42.088062, -75.91423)
(42.092705, -75.93561)
(42.08544, -75.91541)
(42.090368, -78.426638)
(42.940822, -76.564361)
(42.480775, -79.333874)
(42.091579, -79.232941)
(42.559178, -79.127627)
(42.099279, -76.826766)
(42.091459, -76.796806)
(42.542146, -75.524807)
(44.700179, -73.466727)
(42.246259, -73.776213)
(42.608345, -76.186139)
(41.717388, -73.92942)
(41.694473, -73.93526)
(41.934503, -73.911951)
(43.004031, -78.177487)
(42.900393, -78.865705)
(42.908945, -78.875236)
(42.927299, -78.829225)
(42.848354, -78.81263)
(42.8928, -78.86673)
(42.929411, -78.849557)
(40.90433, -73.115443)
(42.977935, -78.878745)
(42.508552, -78.659223)
(42.914687, -78.784173)
(44.343993, -74.144386)
(44.856874, -74.291931)
(43.068067, -74.330909)
(43.964857, -75.912841)
(42.551837, -77.700143)
(43.078644, -75.65409)
(43.135677, -77.607563)
(43.192605, -77.5845)
(43.124351, -77.623288)
(43.112156, -77.616163)
(43.191563, -77.701535)
(42.95361, -74.215762)
(40.871737, -73.621514)
(40.741617, -73.643402)
(40.685783, -73.63459)
(40.68178, -73.685805)
(40.653739, -73.630335)
(40.725346, -73.554321)
(40.784467, -73.704768)
(40.810227, -73.508656)
(40.725849, -73.478663)
(40.77423, -73.47914)
(40.80138, -73.666)
(43.176453, -78.671015)
(43.093836, -79.05038)
(43.026137, -78.862554)
(43.154936, -79.030822)
(43.228979, -75.444136)
(43.083489, -75.267322)
(43.098648, -75.275604)
(43.008312, -76.170185)
(43.055726, -76.149375)
(43.042625, -76.140465)
(43.041112, -76.137932)
(42.87568, -76.987045)
(42.960525, -77.139252)
(42.874696, -77.290658)
(41.502947, -74.015121)
(41.439934, -74.36855)
(41.261073, -74.357018)
(41.367761, -74.682512)
(43.45413, -76.516071)
(42.457398, -75.053251)
(41.213881, -73.986)
(42.695787, -74.922676)
(41.386269, -73.664057)
(42.733532, -73.671463)
(41.095815, -73.925113)
(41.112273, -74.135397)
(44.69198, -75.500106)
(44.935619, -74.907271)
(44.676147, -74.981529)
(43.08485, -73.796168)
(42.819912, -73.919324)
(42.822181, -73.913901)
(42.793575, -73.879089)
(42.686264, -74.482932)
(42.14127, -77.047473)
(42.314484, -77.660183)
(42.372731, -77.279068)
(40.776593, -72.977834)
(40.885891, -72.380206)
(41.110957, -72.361272)
(40.938153, -73.053883)
(40.947527, -73.06007)
(40.880029, -73.417519)
(40.725138, -73.239703)
(40.695786, -73.294734)
(40.933663, -72.6743)
(40.867522, -73.220213)
(41.7162, -74.72208)
(42.469864, -76.536913)
(41.922234, -73.999188)
(41.926429, -73.995462)
(43.307292, -73.646082)
(43.05727, -77.09767)
(41.291502, -73.893347)
(41.026387, -73.769492)
(40.912461, -73.840002)
(40.913007, -73.787083)
(41.014721, -73.862259)
(40.968345, -73.884978)
(40.928952, -73.896536)
(41.196775, -73.724505)
(40.941756, -73.836131)
(41.107721, -73.859612)
(41.076347, -73.798765)
(41.08945, -73.78256)
(42.753509, -78.132455)
(40.857365, -73.846577)
(40.894522, -73.861277)
(40.879928, -73.880467)
(40.817652, -73.924196)
(40.847219, -73.844643)
(40.854027, -73.890897)
(40.843387, -73.911616)
(40.880459, -73.88155)
(40.6618, -73.91454)
(40.69194, -73.98017)
(40.613424, -73.948948)
(40.58662, -73.965796)
(40.655785, -73.944659)
(40.646587, -74.020437)
(40.639543, -73.99826)
(40.668283, -73.979317)
(40.677934, -73.937509)
(40.659767, -73.934071)
(40.704655, -73.917598)
(40.654559, -73.944285)
(40.617953, -73.943217)
(40.710406, -74.005482)
(40.739658, -73.976468)
(40.73717, -73.99232)
(40.814482, -73.940409)
(40.734279, -73.983453)
(40.76536, -73.95408)
(40.774195, -73.961302)
(40.764639, -73.955432)
(40.784571, -73.94382)
(40.790478, -73.953773)
(40.76424, -73.955302)
(40.732114, -73.984553)
(40.742952, -73.974094)
(40.841277, -73.940383)
(40.770074, -73.9878)
(40.805821, -73.961696)
(40.76256, -73.94935)
(40.744345, -73.885783)
(40.755678, -73.815508)
(40.70256, -73.81325)
(40.753343, -73.706845)
(40.717138, -73.803554)
(40.598194, -73.752941)
(40.747516, -73.826026)
(40.728548, -73.851658)
(40.768398, -73.924747)
(40.700494, -73.94164)
(40.516773, -74.196808)
(40.63545, -74.106618)
(40.584153, -74.087023)
(40.850354, -73.844853)
(42.991215, -78.729814)
(40.7533, -73.7068)
(40.872473, -73.912762)
(42.733157, -73.671574)
(42.743592, -73.675664)
(41.015279, -73.755778)
(42.327965, -79.569412)
(42.813116, -75.542216)
(43.112251, -77.616165)
(43.223629, -78.397142)
(41.213886, -73.986)
(41.1614, -74.0364)
(42.82206, -73.913651)
(42.68631, -74.482956)
(41.015186, -73.75573)
(41.076408, -73.798767)
(40.847294, -73.844658)
(43.454781, -76.516434)
(40.732189, -73.984711)
(40.802979, -73.940811)
(42.733574, -73.671455)
(43.986237, -75.59479)
(43.795673, -75.498152)
(43.287702, -78.707058)
(40.691073, -73.997763)
(43.220114, -77.944305)
(40.594414, -73.650741)
(44.338198, -75.474402)
(40.840292, -73.84841)
(42.920331, -78.867515)
(40.595194, -73.782028)
(40.736208, -74.000063)
(40.803664, -73.942133)
(42.65337, -73.773834)
(42.674271, -73.749268)
(42.657539, -73.803879)
(42.122921, -77.949974)
(42.092606, -75.935646)
(42.115063, -75.959122)
(42.089844, -78.42688)
(42.940811, -76.564758)
(42.480774, -79.33387)
(42.091236, -79.232872)
(42.559372, -79.126991)
(42.099285, -76.826782)
(42.091446, -76.79686)
(42.541813, -75.524773)
(44.700279, -73.466751)
(42.246239, -73.776306)
(42.609051, -76.186195)
(41.717392, -73.92942)
(41.694523, -73.935799)
(41.934223, -73.912331)
(42.900394, -78.865707)
(42.908955, -78.875404)
(42.92717, -78.829224)
(42.84853, -78.812859)
(42.898525, -78.865013)
(42.92905, -78.849953)
(40.909217, -73.115198)
(42.977848, -78.878754)
(42.508575, -78.659103)
(42.914642, -78.784241)
(44.343929, -74.144363)
(44.85677, -74.291893)
(43.068096, -74.330643)
(43.00404, -78.177475)
(43.964928, -75.912827)
(43.986073, -75.595421)
(43.795677, -75.498146)
(42.551964, -77.700195)
(43.07869, -75.654449)
(42.814011, -75.541962)
(43.135769, -77.607544)
(43.192619, -77.584503)
(43.124336, -77.623779)
(43.191551, -77.701538)
(42.953758, -74.216194)
(40.871731, -73.62159)
(40.594418, -73.651054)
(40.741699, -73.643082)
(40.688408, -73.63324)
(40.681789, -73.685814)
(40.649601, -73.6315)
(40.725353, -73.554321)
(40.77924, -73.702888)
(40.810238, -73.508614)
(40.725853, -73.478714)
(40.774471, -73.478264)
(40.800301, -73.669098)
(43.176472, -78.670998)
(43.094048, -79.0504)
(43.026154, -78.862457)
(43.154659, -79.030556)
(43.28714, -78.707054)
(43.229935, -75.443466)
(43.083561, -75.267189)
(43.098179, -75.275383)
(43.007816, -76.17025)
(43.055744, -76.149384)
(43.042622, -76.138809)
(43.041107, -76.137932)
(42.875748, -76.987427)
(42.960537, -77.138863)
(42.875027, -77.289818)
(41.503017, -74.015129)
(41.439953, -74.368744)
(41.260586, -74.357185)
(41.367916, -74.682487)
(43.223637, -78.397141)
(43.315116, -76.406098)
(42.457405, -75.053261)
(42.695793, -74.922684)
(41.384766, -73.664413)
(42.743382, -73.675735)
(41.096249, -73.924957)
(41.112255, -74.133003)
(44.692039, -75.499908)
(44.936363, -74.907951)
(44.338207, -75.474411)
(44.676151, -74.981529)
(43.084843, -73.796341)
(42.819839, -73.918747)
(42.141293, -77.047562)
(42.314438, -77.660164)
(42.372952, -77.278656)
(40.778915, -72.978035)
(40.885757, -72.380692)
(41.110958, -72.361282)
(40.93816, -73.053894)
(40.696751, -73.286324)
(40.947533, -73.060081)
(40.879513, -73.417442)
(40.725014, -73.240372)
(40.933643, -72.674278)
(40.867531, -73.220222)
(41.717999, -74.727798)
(42.469826, -76.536896)
(41.922276, -73.999237)
(41.92643, -73.995453)
(43.30735, -73.645996)
(43.059728, -77.102244)
(41.291512, -73.893341)
(41.026333, -73.769585)
(40.912476, -73.840004)
(40.913021, -73.787086)
(40.968262, -73.885033)
(40.929512, -73.896957)
(41.196774, -73.72451)
(40.941673, -73.836334)
(41.107639, -73.859665)
(41.08773, -73.803993)
(42.753513, -78.132454)
(40.857388, -73.846741)
(40.894569, -73.86142)
(40.879951, -73.880562)
(40.817661, -73.92421)
(40.853909, -73.891014)
(40.843609, -73.911545)
(40.840431, -73.848244)
(40.880512, -73.881538)
(40.655066, -73.912579)
(40.689842, -73.977455)
(40.613419, -73.948967)
(40.58662, -73.965797)
(40.655823, -73.944099)
(40.690971, -73.99781)
(40.646591, -74.020439)
(40.639423, -73.99839)
(40.668087, -73.978905)
(40.67794, -73.937515)
(40.659435, -73.934036)
(40.704517, -73.91774)
(40.654518, -73.945045)
(40.617954, -73.94323)
(40.710426, -74.005486)
(40.739605, -73.976509)
(40.732666, -73.981598)
(40.81435, -73.940506)
(40.734127, -73.98307)
(40.765381, -73.954185)
(40.773907, -73.960632)
(40.784775, -73.94368)
(40.790482, -73.953766)
(40.76408, -73.954926)
(40.742874, -73.974159)
(40.841415, -73.940704)
(40.770092, -73.987785)
(40.805912, -73.961639)
(40.74432, -73.885719)
(40.755531, -73.815475)
(40.701412, -73.816299)
(40.753349, -73.706848)
(40.71722, -73.803581)
(40.733735, -73.872165)
(40.598637, -73.752769)
(40.747517, -73.826035)
(40.728745, -73.851036)
(40.768269, -73.924461)
(40.700535, -73.941711)
(40.635807, -74.106674)
(40.584141, -74.086998)
(40.705085, -73.804245)
(40.849575, -73.845055)
(42.991219, -78.72982)
(40.872475, -73.912773)
