0.0
1.8528686306574098
1.5822480342514718
216.7541380954991
116.2757941547315
117.19710920228772
116.3956252287746
241.2408306684826
143.22124769185493
283.8732251613536
282.01448333566066
273.0122890334732
160.83257109554458
159.48357321995843
89.61367152064693
142.1525479302056
28.09121495178718
122.98200633169819
65.08332326875923
66.68986839424748
50.10935476745489
225.01298972804048
259.4373387035805
259.9422767180145
257.6612078974378
256.63931790926364
259.4712244335197
258.69793621714126
125.4021667580764
260.34259198500814
249.3630840863875
255.34092165731906
118.19747114189202
154.32801519558896
40.24708542418223
140.79228949307384
200.30994922675086
99.87884779647403
197.3803921251494
196.84419396503222
198.05472607562615
197.58041583239353
202.66421556466923
30.563798529984773
123.20212124440945
132.10148817173416
135.97282545821267
136.13413183018673
138.19261564188184
133.53568201594783
129.0216386110896
127.93166133852148
133.89088520210538
130.57127749665705
127.92678214615536
251.03551743258097
269.5636484041966
259.73137883711047
268.9564734442038
93.56132919877066
81.4327599460308
82.20134938412916
124.18027411915638
123.79192047767263
123.16295264285921
123.01607630327308
164.1276167163115
172.34072718376848
179.50008127763763
80.35392329107978
89.15087858209249
100.66789845816804
100.28973966345262
149.40853806242757
66.66721682772737
99.93905819549407
58.58125919829107
87.62638568710065
7.6131842110623635
107.76977682649974
107.97269233875738
165.19537686210344
167.4520483414709
152.20172828027978
29.81473037807886
13.677212930805236
13.66334978439795
11.06613922228938
36.18472898678037
171.1468175822191
199.89750979457486
180.02058567794
135.89897844302092
141.63876632101642
128.98669157382724
124.07029037761392
123.35668248317235
123.75562594123868
135.9049135116441
137.3474601293983
131.56365421365732
126.51836983832071
80.93930469063972
141.54251351113157
51.758087901426485
51.433333510178336
45.611957551307825
171.07387922119457
94.18435523194589
112.27868046631498
120.18834369004807
120.10417756073446
113.1752282112204
116.42481206224288
119.17020407426584
100.55279027240174
118.16205443354637
106.75727261174427
108.83840348217059
107.9276021451328
221.97484367965296
123.99857486650413
121.46157559139988
122.50847351458344
126.91988708301757
124.69541168708491
124.31904611253954
125.10871328328209
122.47439442836263
137.62870934539174
135.77636385608352
141.0654653247336
142.9692665562308
138.13409927535062
139.07225871569875
139.45609456792184
137.40048236692297
136.5854297248847
137.8258605371254
134.68436367248316
138.21729183376166
140.7348064820279
134.61618881654564
132.47856124765815
132.7169614177931
127.19216160049014
132.87756879666787
130.622881045905
130.04203236332864
130.67751012585825
129.26345803780075
128.8928590131977
130.70449088585147
133.0311225297197
132.24229340629674
125.34729326884855
130.4346106423167
127.86727049199625
130.79842744904164
131.8674033145851
130.9761672504785
134.63915994671632
131.16561017897516
133.62667303780714
141.82941373159596
131.5493011229215
132.89135470640272
130.31424563745216
135.04523730284382
149.06156639397676
140.3148393017711
143.71112410638767
124.47949374853206
252.86246352168277
131.16863788757405
123.10830607682608
7.590488170529739
7.9968041145615265
113.04885907852358
296.84419630905063
90.65133868803098
197.58141909776708
237.72728640649896
99.938715176441
103.8466005193879
13.649597543063377
36.186135929615006
113.05529700767188
108.83419557478946
124.6902612612059
149.44155284780012
133.02663351090882
127.98555049794132
7.615573012645984
129.95824978208105
117.45061833388942
253.83193855780095
135.91052072919624
215.08097323695515
142.22922403295084
144.33369974169403
125.17903370996345
259.58166649708204
142.0328508587364
132.81776474866572
127.94301240690753
0.0114162056641037
1.9212445750826155
1.5525468906746969
216.76275823028024
117.20118551611182
117.81932478236962
241.2598473693138
143.2411383353612
283.87302651909397
282.0149909027704
272.9791439284029
160.8332606807754
159.4864870676919
89.61415038912835
142.15928078540378
28.09261516735197
122.98294697748017
65.08304926346149
66.6898856163225
50.13123865290138
259.4374425918711
259.9508213096061
257.66077059074536
256.6512210480007
259.3976878716595
258.71691962464
125.08071417176171
260.3427123380945
249.35686105552892
255.344241677011
118.19292690820413
154.32062035066969
40.23901456340735
225.01243444201904
140.79485292358177
129.97277923223723
117.45057720428326
200.31208941640077
99.89716950360639
90.64541024252462
197.38037018173816
196.84450454542585
198.07915707804162
202.66423237086275
30.586842790197814
123.20228347613562
142.22822230275847
132.09668412603102
135.7956699147591
136.13349554915567
138.47452063392464
133.53520069905386
129.38490763373187
127.93113928836668
133.89031004990238
130.56005429722995
127.99428502904894
251.03481495608685
269.56585047033843
259.726558777398
268.9412281108621
253.82617733816795
93.55803584575065
81.42824407111398
82.17910796400916
124.17723718123776
123.79262757344264
123.08083619924346
123.01600592915842
164.14730653899144
172.3211958575142
179.45899510236885
80.34921276282363
89.15306959656195
100.70257529915128
100.27965102637835
237.72731281049553
140.9966355610417
66.66761499247687
58.58168410024654
87.72871710180564
7.983244027132697
107.73932259171198
107.95267282146578
165.19363276303795
167.51177561742728
144.3344644576692
152.20198089906603
29.814580882042165
13.657117754763744
171.15091429963593
199.89698938527636
179.99772063723137
135.74291764141225
141.63400672860513
128.98634304668468
124.06965871415414
137.36117481171598
123.35611713949342
123.79143843834181
135.9062653285006
131.56539323511024
126.51765929252603
81.01674461101864
141.54192675504714
51.75582140065946
51.43316439520093
45.61653996648161
171.32740896022327
94.18364641151499
112.28239701127313
120.18731195739895
120.10321238444362
116.43067254184648
119.13277161711267
100.55285272632517
118.16806499695734
106.76303956751482
108.05648197533475
221.97479429260903
123.99724516308066
121.45860907052493
122.50710848878872
126.91931145312189
124.3274731653454
125.09320996157986
125.169183237159
122.47071273661672
138.08742962040893
135.9097437115837
141.0658727991027
142.96927015321367
138.12963225983887
135.91774126742993
139.07199333140375
139.46490707137576
137.4123205567421
136.58503571849025
137.8486200594651
134.69427730672737
138.22262885673544
140.73477950414713
134.6148324903902
132.48237490451788
132.9807286120827
127.2015889699817
132.88640977356798
130.6218227675896
130.0592764473281
129.2489214626906
128.89255760179455
130.7141105862344
132.24792269325312
125.33893182447986
130.43330719265995
127.86078520906622
131.86898167735558
130.98628135973604
134.72083713927478
131.1651921980549
133.62103121086648
132.5699912679802
141.79891586048052
131.54924165969362
132.87679832710015
130.32224774094692
135.04264985689932
140.29074203952646
143.711801002859
134.45871594877298
124.53353260526731
252.8627843276367
123.10820140027774
